9.900000000000000000e+01
1.210000000000000000e+02
1.030000000000000000e+02
5.600000000000000000e+01
5.000000000000000000e+01
5.400000000000000000e+01
4.800000000000000000e+01
5.400000000000000000e+01
1.120000000000000000e+02
4.800000000000000000e+01
5.400000000000000000e+01
5.500000000000000000e+01
5.500000000000000000e+01
5.200000000000000000e+01
1.080000000000000000e+02
1.160000000000000000e+02
9.800000000000000000e+01
1.200000000000000000e+02
5.100000000000000000e+01
1.200000000000000000e+02
1.110000000000000000e+02
1.020000000000000000e+02
1.050000000000000000e+02
5.300000000000000000e+01
